0,-1.2118337609252106
1,0.037311032401642547
2,-0.18931291568103825
3,-0.18440872884279352
4,0.05355037626463703
5,0.6003193888219154
6,-0.34117435697031523
7,0.2732451847260262
8,0.3214326170937981
9,0.12526627681197172
10,-0.7140583564789591
11,-0.03487590272762825
12,0.17132049545963773
13,-0.6591180414923374
14,-0.38170958494663854
15,0.8599081594523731
16,-0.007686466120611576
17,8.22569308507395E-5
18,0.030085825697265256
19,-0.38043678426325817
20,-0.2210864672298744
21,0.4089120190495382
22,0.005756350081325162
23,-0.7715694828747813
24,0.4458973160664501
25,0.6490703756074033
26,-0.3185191843776267
27,-0.067493633793609
28,0.7413492969006239
29,-0.3352551699260239
30,-0.49842925494952833
31,-0.11598907041282798
32,5.410207095442997E-4
33,-0.2137043193959589
34,-0.7634660539256092
35,-0.7195157221794029
36,-0.5941411036592164
37,-0.12249910726737798
38,0.4458973160664501
39,0.03008582569726531
40,0.40891201904953817
41,0.7413492969006239
42,-0.06749363379360901
43,-1.0896566111546389
44,1.3360147566567442
45,-0.12098727139774432
46,0.1268456471689661
47,-0.5233118555565361
48,0.0065530846161061295
49,-0.376328913444237
50,0.018663546590030264
51,0.6425096285085131
52,-0.7274094390537862
53,0.6540582894022549
54,-0.41614053634356374
55,0.47000994396846374
56,0.8207003090041568
57,-0.014843573420183099
58,-0.31472553722144203
59,-0.9262737911911073
60,-0.041066442760176416
61,-0.3816273280157877
62,-0.2987858214175622
63,-0.0013943682404913601
64,-0.12454604292065755
65,-0.37460891888770437
66,0.011009342964339697
67,1.3681857327199118
68,-0.6036001145767043
69,-0.4003017662071209
70,-0.6415554391240612
71,-0.16724951461307963
72,-0.11154351265872875
73,0.13165811988948803
74,-0.14287647478355728
75,-0.35085978094546344
76,-0.8039093901295833
77,0.16303822701824044
78,-1.2895293667174699
79,-0.028591752426151966
80,-0.6089885486154138
81,-0.2848222868326212
82,0.05319309981741469
83,-7.261363146521312E-4
84,0.01903879364546646
85,0.6201254433102612
86,0.0437214386832507
87,0.08037527400538158
88,0.2500323532785398
89,0.4428305548247037
90,0.0212088869677025
91,2.1756474089770146E-17
92,0.04126108326224785
93,-1.222469413308612
94,0.5776352310897936
95,0.003947769824360492
96,1.2016775567356134E-5
97,3.232507549084758E-6
98,-0.09413889875510958
99,-0.7049561279034586
