100,0.9127561518530218
101,-0.810147973162161
102,0.062372989054304
103,0.22499775266061323
104,-0.13223281432140133
105,-0.09952224253714635
106,0.7140214148036216
107,0.2115267405809041
108,0.03459904517930962
109,0.056063248161865274
110,-0.11574493722301561
111,-0.9844452942647536
112,-0.15469214594765016
113,0.02661221722262974
114,-4.45284468992511E-5
115,0.13381066985028828
116,0.0015565465120266492
117,0.06704049227999136
118,0.0061780579156434975
119,0.23597980704635285
120,-0.12684270801774855
121,0.025998878622236866
122,-0.11523659494483547
123,-0.10784828935497556
124,-0.1905058064817284
125,-6.182845817161654E-4
126,-0.0014966068949535836
127,0.08672365794875488
128,0.03817934216957684
129,-0.17841215929778934
130,-0.30960921861289475
131,0.09664605728877493
132,-0.09441342604397818
133,-0.062256414289486486
134,0.0122207142410936
135,0.24821883895659572
136,-0.056314801150543284
137,1.4227557945476225E-4
138,-0.0013835324096813147
139,-0.20554741614212502
140,-0.03850921840879275
141,-2.8093812648291583E-4
142,-0.0035784579928845096
143,-0.0056429259180305735
144,-2.1257649735449637E-5
145,0.11942573429084734
146,-0.0023609930398160385
147,-8.946520793886444E-6
