0,-1.0009882555870458E-17,-3.634080098521541E-18,-4.497539025200026E-17,4.416479274629302E-17,-1.441660660384657E-18,-6.338815283199282E-17,-3.441929878912356E-17,8.305000917976976E-18
1,-2.596349333429464E-19,9.809684289156223E-18,-2.1878265135569508E-17,1.6966091713732915E-17,-2.2626891914672418E-17,-2.2924347094794156E-17,-1.0247692458498805E-17,-8.623834828908534E-18
2,5.341395438036805E-19,6.501637139235282E-18,-2.4425080528626082E-17,1.5176710591111418E-17,-1.748811621925577E-17,5.3436490962376845E-19,-1.234723156422394E-17,6.042444132425886E-18
3,1.2568905170196237E-17,1.373306987524481E-17,-2.027139188033825E-17,-1.3615499747249013E-17,-1.950987266225466E-17,6.750865241148436E-18,1.089042591811579E-17,-1.3255043720992027E-17
4,1.1951568042947748E-17,-1.54769451674214E-18,2.857827358972928E-17,6.370647662275094E-18,1.2146422299270541E-17,2.4122209090080338E-17,8.725427434828649E-18,-6.612033641216455E-18
5,-6.008326496898602E-18,2.1944493981120616E-17,1.0420077051897061E-18,-1.4002293197503574E-17,1.2871248427562909E-17,3.347758413966785E-17,-5.586984257806107E-18,-2.0236707122151223E-17
6,-8.397310661669556E-18,-8.296356155565384E-18,4.987639741837565E-18,-1.942098994975026E-17,2.7903664000157363E-18,2.0273759088643207E-17,-1.2690145526490382E-17,-1.3318031651674106E-18
7,1.5765173901919334E-18,6.6774565882142E-19,3.565759543693419E-18,3.779020159096341E-18,2.5139554737475577E-17,1.132765212475798E-17,6.3560992542242165E-18,1.1559768229320774E-17
8,1.9829520666722007E-18,-1.7075189383682081E-18,7.511140919714934E-18,1.1660549325007221E-17,1.1530659173258397E-17,2.0700252347021687E-18,2.9830666635442217E-18,1.3152418812205532E-17
9,-4.714883695707801E-18,-6.031076161263083E-19,2.1578681966337242E-18,8.416657666416487E-19,4.508189502485114E-18,-8.401274742945448E-18,-7.888583298367432E-18,5.5725002847980155E-18
10,1.3800451274368118E-17,1.0150684567391238E-18,6.889982409848253E-18,3.059899225719112E-17,-5.377843388780356E-18,-3.288648097481025E-17,-2.0426923899699107E-17,-7.491060897634667E-18
11,-1.756665266226799E-17,2.4388172854178815E-17,-2.1329896676830073E-17,1.1786022462021226E-17,-2.2978373570929366E-17,2.98804068964497E-17,-3.2377036072127E-17,1.6930736973481825E-17
12,2.8590543973011977E-18,9.278433150987181E-18,-1.0826401151660049E-17,-9.207169470968608E-18,-1.889167092134949E-18,8.861665796291784E-19,7.886996512847471E-18,8.602430757540031E-18
13,-1.5617356504213955E-17,-1.920387933809856E-18,-4.025637641765124E-17,1.2636797636310081E-17,1.4108015085597774E-17,-6.920123813941035E-18,-1.2338793513930272E-17,2.8135861148130495E-17
14,1.7987654983380365E-17,8.437915765648991E-18,-4.949796587832443E-18,8.792846284920272E-18,9.577657331659876E-18,-1.720228389714181E-17,-3.4668270930102192E-18,-1.3861137095061455E-17
15,-1.543165125639787E-17,-4.0021299198648396E-18,3.502433489019566E-18,-2.544073563260005E-17,-9.785401853666472E-19,3.597282802374747E-17,1.0154205315279927E-17,1.394578522939375E-17
16,-8.573932269142551E-18,-8.014027759724381E-18,-1.3080825705738409E-17,-8.486476703380749E-18,-7.175761693284498E-18,-2.266098463468752E-19,-8.529700117042995E-18,8.727383341922735E-18
17,-1.1574600401662283E-17,1.2359557878237558E-18,2.022805298151994E-18,3.665182626351988E-18,-1.2738415859188518E-17,-3.6208556601639225E-18,1.1179765261880777E-17,-3.574664705588203E-18
18,2.2223428159351835E-17,-1.7399689624788778E-17,-2.3840536260124568E-18,1.41267997918255E-19,2.2136520819234905E-17,2.2153479998320838E-17,-3.7302825037197004E-17,3.3929873543753976E-17
19,-2.2136361640412737E-17,4.84711268760538E-17,-1.8640103108346677E-17,-2.9729449532823524E-18,-3.9523279535666056E-17,-5.1592860175911046E-17,1.5583544469396136E-17,-2.4043058085724874E-17
20,1.8050387616022885E-17,3.4621260862842737E-18,-2.3040801970723422E-17,1.3372512214646492E-17,-3.659085685461353E-18,5.039181761775392E-18,-1.2073563470661216E-18,9.072856890732794E-18
21,-1.7518264162917603E-17,-9.751285577867032E-19,6.954670747211106E-18,-2.0616584441860662E-17,1.0117545612840774E-17,2.8239294231483726E-17,2.3663078541995954E-18,2.3595388870063242E-17
22,-1.6147772949363156E-17,-5.5797065913761864E-18,-3.798301841114117E-18,1.5429894303664158E-17,6.583585597684679E-18,-6.552114356804661E-18,-1.1185731829369531E-17,-5.417186336053457E-19
23,2.5222367550681656E-17,-3.456261792858378E-17,1.1264320049677935E-17,4.5086032789860317E-17,2.895765154687004E-17,-9.272443099758463E-18,-3.996342976821988E-17,5.488858706640122E-18
24,3.660762908920856E-18,-1.4796903669108175E-18,-6.998552849748315E-18,1.0923135157733388E-17,6.318308428418718E-18,1.3029148790852064E-18,1.2026119486918447E-17,3.503487163023172E-18
25,2.014359387232011E-18,-7.931576381345963E-18,-3.98156000829735E-18,1.128384466437253E-17,-4.1371857321699396E-18,1.55283404457468E-17,2.117543832411968E-17,1.3771748825375093E-18
26,-7.589939789552759E-18,6.161020997302119E-18,-2.9207771260068243E-18,2.596652598792273E-18,-3.634986265111574E-18,-8.453270964817477E-18,-2.744082842277225E-17,8.489509101963518E-19
27,-8.072688049393247E-19,-7.685858833144093E-18,6.846113390071946E-18,-4.0597922597963036E-18,6.869671107642551E-18,1.5727303812925164E-17,1.6891628442233598E-17,-3.8272775001932415E-18
28,8.700157128808233E-18,-1.7801530578741238E-18,1.4104974815646866E-17,-1.057024312793207E-17,-1.4146552654301557E-17,3.2643768824541265E-17,1.7114371933161369E-18,8.961823107127133E-18
29,6.491105415715716E-18,2.2372268804835187E-17,-1.6340336233140562E-17,2.043668199994536E-17,-1.0472197853499825E-17,-7.479978074128679E-18,-6.075828363264084E-18,7.65874082687801E-19
30,3.7276132838287856E-18,-6.692425310673416E-18,-6.38823622685913E-18,5.8513549804607535E-18,-2.014303677089277E-17,-6.012114803608089E-18,-1.966329928289459E-17,3.1446222228901026E-18
31,1.5862900248879522E-17,1.9597370734591687E-17,-6.622121747416675E-18,2.2332558434501804E-17,-5.032108546175678E-18,-2.1090578383276717E-17,8.740650866726618E-18,-2.387720249876548E-18
32,5.336618762804429E-18,4.550404792439587E-18,1.2598102727187237E-17,-8.741075465814943E-18,-4.087911720458593E-18,1.5169767187975345E-17,3.535827953022006E-18,3.1402101266556194E-18
33,-6.725654701003762E-18,1.5194254991363464E-18,-8.892525736182423E-19,-7.566506219285004E-18,-1.2362939703466896E-18,-1.2662984164474451E-17,4.508485170879269E-18,-1.1079067285299531E-17
34,-1.2444214357099863E-17,1.703660409337041E-17,-2.4276036827429495E-17,3.8536215470654024E-17,-5.704914988068329E-18,-1.9493040067697924E-17,-3.2856257402965284E-17,-1.4953183569332162E-17
35,1.083812401910759E-17,1.0742829143377347E-17,-2.919645881171606E-17,2.0289155331032478E-17,-2.035694590278431E-17,-1.2621755984441517E-17,-2.0026127475684358E-17,4.8656702218709686E-18
36,-2.433690639077507E-17,4.7470969836724875E-17,-2.0701422948251368E-17,-1.7787985580124316E-18,-4.2941668721363446E-17,-5.3527056160204694E-17,1.4459250135203497E-17,-2.6271411886877482E-17
37,3.791421958430796E-17,-3.92928309216107E-17,2.7629769599989315E-17,5.1851521011814855E-17,3.985867363411068E-17,-8.703046235959146E-18,-3.8765776467584264E-17,1.4877564239761534E-17
38,-8.062976161130142E-19,8.007935798716474E-18,-7.618289693445763E-18,-1.9136099316056287E-18,3.5157212400086704E-18,2.4639704941479766E-18,1.2056826383170001E-17,-1.2891815188268282E-17
39,-2.2446261888558345E-17,-3.3666867556136214E-17,-2.3571942840402274E-17,-1.1576554388379211E-17,4.656744835603632E-18,2.810379838172388E-17,-1.0032203722181206E-18,5.542955207665804E-17
40,1.2472610188122278E-17,-4.054521836442362E-17,1.0806214248598005E-17,-1.8290969253496323E-17,2.8840452619279703E-17,4.339960864464888E-17,1.7638869376429405E-17,2.3526364326004707E-17
41,-6.2953049320007506E-18,-1.0492351002115613E-17,7.387537944077623E-19,-1.4905151286614458E-17,2.7192046488444807E-17,1.7918358966873763E-17,8.460964594155702E-18,1.2509574028665668E-17
42,1.1995900943627879E-17,1.9089019007566194E-18,2.9181359685181044E-18,-1.505167523643429E-17,-4.843256027043769E-18,2.4117280051411037E-17,6.628176904385267E-18,1.60168160346922E-17
43,-1.8887260130835062E-17,-9.873323863919738E-20,-2.5822420731502538E-17,5.736716124666237E-17,9.994518032740619E-19,-5.834683079256763E-17,-3.484416574525178E-17,1.9667425442855024E-17
44,2.3872177334195063E-17,2.3676332419141096E-17,2.439736682537327E-17,5.3267155418447466E-18,-2.7627979160916584E-17,-8.859987775098737E-19,3.725591968207148E-17,2.4327227084244544E-17
45,-1.5012149628508227E-17,5.2404978643550825E-18,-1.521181407907761E-17,1.1478600171892839E-17,-8.248153247534652E-18,1.8728114116432123E-17,-1.900309950759805E-17,-1.0765583971245389E-17
46,8.57386469826962E-18,-1.7613370981481545E-17,6.188830503347857E-18,-2.848942597574788E-18,-1.0720662244872921E-17,-4.472342735369803E-18,1.597120941052033E-17,-1.603044282179503E-17
47,1.047968481433125E-18,1.55841728942457E-18,1.2314892151550688E-17,-5.1254267359472266E-18,-2.388378749782416E-18,-1.0287170174929579E-17,-4.5619403036496625E-18,1.5221046824596716E-17
48,-2.5920817874392044E-18,-1.071023563234881E-17,2.5410039764772943E-18,1.4589533375971385E-18,1.0304477317721737E-17,-5.832929717836698E-18,1.2222102040424454E-17,2.5085078865244628E-18
49,-3.825067766114925E-18,-1.011208174832964E-18,-5.118235135063006E-18,1.2395947636158315E-17,1.3694139643971305E-17,-4.914030281487676E-18,-4.044408545591503E-18,2.0774137903115987E-17
50,-1.3947457630438347E-18,-5.272380307033427E-18,1.5160025671522158E-17,4.39787026321759E-18,2.301830974996451E-17,5.856667540463858E-18,1.3297702987274581E-17,-1.5791398073870268E-18
51,2.275823512992065E-17,-3.041982134197859E-18,3.426761382031589E-17,-4.120112190004029E-17,4.018830545765394E-18,2.2440779911245477E-17,1.0663467424873542E-17,3.120161748344487E-17
52,-4.306870264991011E-18,1.915086068599494E-17,-2.19123051340425E-17,7.254403431285862E-18,-2.3366833926311985E-17,-1.8824460657463726E-17,-8.187334987597622E-18,-1.1428243639719301E-17
53,-8.143349433997535E-18,-2.2759380040346426E-17,-2.457098288979327E-18,-3.6370676902469216E-17,3.803708615222894E-17,1.2545316393407028E-17,2.2876371173104836E-17,3.9317129188806735E-17
54,-1.1174488780886358E-17,4.187197997708341E-18,-2.0940451750937457E-17,1.0758890644568164E-17,-5.49725980344027E-18,-6.046009695385879E-18,-3.0464987839058366E-18,4.524256720959402E-18
55,2.2417964872097007E-17,1.531890662838278E-17,9.672144579921357E-18,-4.349050359888895E-18,2.039424774120605E-17,1.9869244385067335E-17,-8.109357157940263E-18,-5.890227427957875E-18
56,2.9369737135180385E-18,5.926088210185912E-18,-2.695075089172417E-17,2.5370740764307146E-17,-2.7932700503363194E-17,-2.513438685973826E-17,-1.9460798029205808E-17,-2.8819785868541506E-18
57,-2.424677680336045E-17,1.5918559150359965E-18,-1.5530274234672997E-17,3.625913582200002E-17,1.977587139750499E-18,-3.105207003757111E-17,6.6666609483292955E-18,-1.2421302568033048E-17
58,-7.537459865781204E-18,1.1879141837126274E-17,-1.0875663431169616E-17,2.612669742682593E-17,-5.180435355355863E-18,-2.939092643185872E-17,-2.2431463572365084E-17,-1.004175410609642E-17
59,-1.501297824737802E-19,4.234595706904853E-18,-3.664536373023917E-18,2.201718418242705E-17,-1.3316876492691797E-17,-3.1050124877757014E-18,-1.671616636731197E-17,1.0634140129836469E-17
60,9.546019004261251E-18,-7.436158711166857E-18,-2.1023237816445146E-17,-1.372686927827972E-17,7.845930175236238E-18,1.070309930959581E-17,2.7336524933769492E-17,-5.759656116172011E-18
61,1.3884861446740847E-17,8.261079092444791E-18,-5.2496307764197716E-18,-2.2109939987493487E-20,4.123177653857524E-18,-2.982262415495449E-17,-9.349194469165214E-18,-5.788376943049758E-18
62,1.3364628620242645E-17,1.5742977286882032E-18,1.2843158648213858E-17,-1.4916291094340813E-17,9.97028789621301E-18,3.187922463591431E-18,-3.380141721059954E-18,5.702038480052704E-18
63,-8.332119999068697E-18,-1.4533868259690658E-17,-4.507552718379961E-18,-5.034861479644495E-18,-2.4308448132122345E-17,7.448852617072489E-19,5.459444239421514E-18,1.458074713374402E-17
64,-1.2458086061449324E-18,5.31511473288806E-18,6.9008264684420706E-18,-2.6700633789308794E-18,6.675736933179632E-18,9.99119123113769E-19,-1.0240456349397191E-17,-1.115945341273963E-17
65,-2.4504537165885403E-17,-3.4988090504470455E-17,-5.969131290182332E-18,2.0142089880797643E-17,-1.0070567587801772E-18,-2.2878533061724414E-17,-2.4654247413094972E-17,2.291956593619517E-17
66,-3.060194396169959E-17,2.3863638649028047E-17,-5.315127875209894E-17,-1.5420639230534628E-17,-5.5039194128360524E-18,2.6899669212299048E-17,-2.429637070119012E-18,7.523461519543446E-18
67,1.5668428248929497E-17,-1.9653472938056248E-17,1.9753026753914764E-17,-4.1762347980809054E-17,-1.878145455001619E-17,4.454048491102951E-17,1.4276639363072894E-17,2.3318658107444758E-17
68,-5.18060443955031E-18,1.915600821630616E-17,-1.2814297006897125E-17,2.7682838699847004E-17,-8.985748470977884E-18,-4.586376171332426E-17,-1.8870027830908106E-17,-1.0490537960323207E-17
69,5.729147835604085E-18,-7.129333085856799E-18,-2.1217632195537726E-17,1.2057837847265448E-17,-1.0297514672548215E-17,1.1083211813716435E-17,-2.925465401266628E-17,6.021855858717209E-18
70,-9.101224912190772E-18,2.3493334695268715E-18,-8.644179723336072E-18,6.986267399518677E-18,1.0976155975872312E-18,-5.507588804024123E-18,-5.8335021571326425E-18,-3.0115961733481506E-17
71,1.2973464173837372E-17,1.8566748160368017E-17,-3.601722283541065E-17,3.724471062903295E-17,-7.632208262583198E-18,-2.3322801332631525E-17,-5.40424601304635E-17,3.642249242943221E-17
72,1.653566743206128E-17,2.178086359269579E-18,-8.932182651058808E-18,8.678590233099543E-18,-6.2590395994244705E-18,-2.948546081766775E-19,-2.279040093460014E-17,-3.398856944857078E-18
73,-1.0086773943157714E-17,2.623395548137339E-18,1.3768743896356089E-17,1.838939353405361E-17,-6.099738370653203E-18,-1.531031010324459E-17,1.0683626801147337E-17,1.4082068653629939E-18
74,6.3258646909293546E-18,-1.7752243014408105E-18,6.1988653020100546E-18,-3.4244648475897003E-18,3.0598475132046314E-18,-8.059407149857527E-18,9.538470219786324E-18,2.403320181774965E-17
75,-5.843325339222077E-18,-1.3900651412370856E-17,-1.6780095819312224E-17,2.1126187291288926E-17,-3.168928115213977E-19,4.145862990019763E-18,1.1500632170190366E-17,-3.4300739006021862E-18
76,-3.6894717166276426E-17,1.9644493562501868E-17,-5.3449862983142624E-17,7.36023423604367E-17,-6.464964110895308E-17,-8.638099330427348E-17,-6.122198825040977E-17,3.5376654581295446E-17
77,3.6526613754379304E-17,-1.5549079835685186E-17,-1.2896825197659363E-18,-1.4206980790855998E-18,5.256862243456624E-17,5.919618761754926E-17,-1.423712507175997E-18,2.2063866705746662E-17
78,7.041443730637374E-17,7.07561996654691E-17,-1.0499964770893762E-16,4.7103674519155716E-17,-2.1000915148151345E-17,-3.574729000371036E-17,-8.544901511767052E-17,2.816813524590753E-17
79,-8.050729430446257E-18,1.8467339730678676E-18,-1.1685290463867345E-17,1.6792835153004868E-18,-6.792034525964777E-18,1.0746008224941837E-17,-1.8887862916754394E-17,-4.704272744867019E-18
80,-1.102997276553712E-17,6.494335841444443E-19,-2.180798888994168E-17,1.2892383660420827E-17,-8.372527519329574E-19,9.086947835856852E-18,-2.0365876405140233E-18,8.585763661635921E-18
81,-7.902798162754004E-18,1.3127192013979213E-17,-1.7662333746805217E-17,3.489895203248179E-18,4.735394431583265E-18,-1.087981345715688E-18,2.497667764341349E-17,3.932860722642185E-19
82,-7.831702557222193E-18,1.480167302289452E-19,7.961338968391686E-18,-2.7841202644958956E-18,1.1577557213163566E-17,4.799549335719275E-18,1.7111511692900693E-18,6.852158115241617E-18
83,2.849190586810248E-18,5.613569522814515E-18,1.464611037184516E-17,6.6716129361422665E-18,-4.3777863018598015E-18,4.201003433660267E-18,-4.828665969539834E-18,-1.8419408180561373E-17
84,-1.2866867315934275E-17,-1.853867113591165E-17,5.783842800503315E-18,8.854168038220086E-18,-1.3180288380404759E-18,3.0488174950576226E-18,1.5442162446352032E-17,-1.984424511565649E-17
85,9.695933917127259E-18,-3.0405482439849045E-17,3.2780985926283866E-17,-2.226175068582723E-17,3.884425624638052E-18,8.235437863975187E-18,6.744815750621796E-18,-4.0529371560113856E-18
86,-1.5639215866914165E-17,-3.614230032793288E-18,8.23492001176609E-18,-5.79505393302288E-20,8.700804736278867E-18,2.022935662428801E-18,-2.377552734128085E-17,-1.8205664284149178E-17
87,3.116071053545572E-18,-1.8709977705411944E-18,7.259617182718093E-18,1.7793506897533028E-17,1.4905295233393948E-17,7.78701523648878E-18,1.4475115433480799E-18,-3.9650399174940084E-18
88,7.09242052630219E-18,-6.674412538223839E-18,1.9241579428010046E-17,-4.03972980770482E-18,3.191188457887649E-17,5.081728657490538E-18,2.809040263432625E-17,-3.1603177976187756E-17
89,-1.0388430956270864E-18,-6.7315493340969E-18,3.330849386856336E-17,-2.235214523619969E-17,-1.3188482823316944E-17,4.5740663142812885E-18,1.2405434507782431E-17,-2.6008059076542323E-17
90,1.2763408727302266E-18,-5.613393951408982E-19,-6.762906344452467E-18,5.0347567877993645E-18,-1.333195281528909E-17,-8.626293392234942E-18,4.756565460102047E-18,-1.2934478485186945E-18
91,-1.619421546083896E-17,1.5326422241431257E-19,1.5588185918791243E-17,5.676066429654012E-18,8.270222570296839E-18,2.4066246040026787E-18,-1.7413498102052274E-17,-2.5807162243848446E-19
92,-3.804129114182009E-18,-1.1220187074786669E-17,1.4964614950224934E-17,-4.8698277771799036E-18,-1.1604267290842241E-17,1.199836749556066E-17,1.1361481892811654E-17,-5.74214117116808E-18
93,-3.4639843721838434E-17,4.146996217699031E-18,-4.864618786953444E-17,7.669056003699954E-17,-2.5637002315795093E-17,-5.0781804266042715E-17,-9.462285889605639E-17,1.80249932047261E-17
94,1.9358449613336897E-17,-2.3745327021723615E-18,7.351693098499605E-18,-2.9374212374439145E-17,-7.654418104748877E-18,2.2443020939479627E-17,3.1865856249113827E-17,7.734799325296266E-18
95,9.777379501809813E-18,-1.1471789372197552E-18,5.9157713305431355E-18,-1.486577580403751E-17,-1.6905072191811913E-18,-1.4344070840289243E-17,-6.452094566798193E-18,1.2625660979830695E-17
96,-4.529620806865975E-18,4.0428897130794055E-18,4.497308557032554E-18,4.906518005612938E-18,-6.4647603310212075E-18,-1.8920646371176506E-17,-2.3024238239364145E-18,-1.2814602658793675E-17
97,-1.3330812140025524E-17,-4.570873946932524E-18,3.500017262021326E-18,-1.1276328612795494E-17,7.2738037248105E-18,1.1900845120162353E-17,4.92606339522409E-18,-1.3068066250144256E-17
98,1.6412871282509505E-17,1.4303468266030754E-17,-1.3739415278402646E-17,2.0341510645563937E-17,1.0796695354789164E-17,-1.5412627347770222E-17,8.19111349407878E-18,-1.1344772814156097E-17
99,7.757845419183356E-18,1.1348314238471497E-17,-3.513532083908551E-17,3.96581960403359E-17,-6.747506546374049E-18,-2.8873798566970325E-17,-1.5146180472833542E-17,2.362555844667211E-17
