100,-2.031371591698908E-18,-4.103079942323319E-17,-1.0818770532073568E-17,2.549325638632534E-17,-2.0805486058762427E-17,-1.74542807148213E-18,-5.106236687665338E-17,4.6545253568185376E-17
101,5.703496831712655E-19,-1.2303186401190075E-17,1.7331489286340111E-18,1.7535338906815914E-17,2.8858557834380957E-18,2.062573307488808E-17,1.6844277285256143E-17,5.017735666634762E-17
102,-8.76148300107943E-19,2.783889606468612E-17,-1.644529719349667E-18,1.0704811444068005E-17,1.2488723932059282E-17,1.5300513961823972E-17,7.838057957854734E-18,1.1584508959264692E-17
103,-7.583263534774373E-18,-9.548490236088341E-18,7.362056106546347E-18,2.6624142816034212E-18,-5.543748174656431E-18,1.8028493700853387E-17,5.101371014646765E-18,-1.3404379265810121E-17
104,1.7111595247880088E-17,6.806034412152546E-18,-5.8041355021469275E-18,-7.45490756108098E-18,1.4919655281615527E-17,-1.1295284584151653E-17,9.57213518493808E-19,6.49634662330335E-19
105,-4.391405159199146E-18,-8.991862177904305E-18,4.7947536779096426E-18,-5.619315606737976E-18,-3.196154368489408E-18,-3.857786905192527E-18,-7.873424624460059E-18,1.9109544860671752E-18
106,1.5815353618039433E-17,-5.1231779829189695E-18,-3.295228707118359E-17,2.159924097353265E-17,-9.998800824219368E-18,-3.0151425427841494E-17,-4.0528139365014375E-17,3.422056087437707E-17
107,-1.1416801020774296E-17,-2.0954062412260162E-17,9.560520807324876E-18,1.2080890711105507E-17,1.1101527959327144E-17,9.25665073229157E-18,4.523186067481644E-18,-2.3753056926097995E-19
108,-1.494597252567914E-17,5.1950225318855824E-18,-3.2695736382699746E-18,5.736145807303036E-18,6.559373014915371E-18,-1.8635513029653616E-18,8.708979171440067E-18,6.8219823847740555E-19
109,-2.5403246541884567E-18,6.54461759485913E-18,3.17175413853978E-18,-9.536525462871854E-18,-3.3163193804455794E-18,-1.0280531132658263E-17,2.4832345715318347E-18,-1.6023795876022913E-18
110,9.72853468045258E-18,1.0616824659661227E-17,1.0400766601814819E-17,6.19814883921235E-18,-1.5364361631031603E-17,-4.359498339971016E-19,4.92087448447457E-20,1.5498039587613438E-18
111,-1.2665937019986032E-17,3.356116823169043E-18,-4.8601881883044656E-18,2.0293668443541918E-17,-4.4803188205495514E-18,7.868505952551585E-18,-1.2937467504357898E-17,-2.3908552740469695E-18
112,2.237807642497754E-18,1.1573262461267414E-17,-1.8581989525309132E-17,3.0537595695068163E-18,1.8819045130553086E-17,6.3082347565353525E-18,-1.3798562317398634E-17,-9.720970661114155E-18
113,-1.543558698331423E-17,-4.201161893256183E-18,-6.446568191446814E-19,7.549011371638515E-18,-2.05169279226816E-18,1.4742683345583457E-17,-4.692030233791276E-18,-9.732219113893062E-18
114,2.0856984450183352E-17,-6.440641859698013E-18,2.1908549362139526E-18,1.461623214254486E-17,-7.37333775835029E-18,-5.9441295368227945E-18,-2.278852636945013E-18,-1.3088323932579096E-17
115,-1.75619274884135E-17,-1.2198437777513906E-18,-8.439737851165471E-18,-4.2016791764101316E-18,2.4470594982365856E-19,2.0109522631335922E-17,1.4868534734561852E-17,-8.681893634646216E-18
116,-5.353259273385076E-18,-3.5486206670222005E-18,3.571821864776454E-18,-1.6134585771424223E-17,-1.0293585478370165E-17,8.743853741094861E-18,2.3454270345683997E-17,1.232517173695956E-17
117,2.44823566070711E-17,-5.246307329472366E-18,-1.2736031828437512E-17,-3.8195920827100045E-18,-8.054121686274211E-18,-1.0343345421155106E-17,8.902108561289309E-18,-1.2919250143104918E-17
118,-2.126113638667178E-19,-8.632440374046483E-18,-4.2247760912004244E-18,5.862997924195145E-19,3.3255000997267454E-18,-5.279757823641419E-18,-2.7624702890741827E-18,-2.078502586870191E-18
119,-8.974698973255524E-19,-4.797388693655917E-18,1.0249058944217994E-17,-2.757904531833695E-18,-1.0832350640858735E-17,1.6718363284952145E-17,6.0734266220773465E-18,6.235973167988202E-18
120,1.216031047159934E-18,2.1004291775894788E-17,-5.743098476336491E-18,1.0848134846107167E-17,5.319707359057596E-18,1.3986017259004943E-17,-9.182205339421799E-18,5.1759472986866E-18
121,-3.0558341892600274E-18,1.0975499374922237E-17,-1.3376358113216733E-17,5.107653956960943E-18,-1.5271205401300462E-17,2.580008578187422E-18,-5.343484273439575E-18,-4.396065264203389E-18
122,8.788913127094945E-18,8.808584545719263E-18,-2.0318515587953395E-18,-1.31046153229961E-17,-1.3310758874122678E-18,-1.865877977584962E-18,-1.092540931143075E-18,1.149770039534615E-17
123,7.366242846508646E-18,1.3323447460430288E-18,1.5054157894211257E-17,6.014615027087771E-18,1.9333573060575873E-18,1.0355908647616403E-17,-4.338180090688353E-19,9.373048540952225E-18
124,1.4278736742647562E-17,1.2447000531673915E-18,-2.330895679124804E-17,-4.919564537929673E-18,-6.7318720131908646E-18,-4.992569198743842E-18,-9.37077420824923E-18,1.1163198542367988E-17
125,4.462222972674874E-19,7.435591370974241E-18,-1.2506553635996113E-17,2.827947116970243E-18,-4.283510468224941E-18,1.8251342438238662E-17,-3.231077929804289E-17,-5.315299393187336E-19
126,-6.090210938220141E-18,2.834463752278854E-18,7.935806960924723E-18,-1.2341346634008916E-17,8.70991819183886E-18,-5.220295239542045E-19,-8.023375350811477E-18,1.3914598469956725E-17
127,8.764178736022481E-18,1.2477912223757829E-18,1.1712465731144375E-17,-2.7930579835080626E-18,5.235453192713522E-18,5.108125390511331E-18,-1.962212180441516E-17,-8.588075115379318E-18
128,2.2766725427548987E-17,1.663223553484599E-17,-2.5352986631157563E-17,-4.878523260463218E-18,2.602341534270484E-18,-2.0038630477430947E-17,2.7205521280711842E-18,-3.037321086400803E-18
129,-5.270585186025626E-19,-5.298484860647463E-18,-3.760218194099333E-18,2.028657260760389E-17,-9.042311859937794E-18,1.6051400787667464E-18,-8.178229840354804E-18,4.549417995159561E-19
130,2.2630606255319824E-18,1.8531098578887277E-17,-1.0862131409555846E-17,-1.4347284709889963E-18,-1.6755318002049416E-19,-5.779885295771183E-19,2.439059933102844E-17,-8.386924568465698E-18
131,-5.176356365956211E-18,1.1325897690500203E-17,-5.901552835714836E-18,-6.1270215120085654E-18,-2.9124028901195188E-18,-4.2315271143748466E-18,4.769328760327598E-19,1.1624504985581995E-17
132,-9.164577305123733E-18,-5.4611809868902995E-18,1.4743010196044637E-18,-5.030684156160103E-18,1.2186312944050242E-18,-1.2013307787089588E-18,-1.785650236875783E-17,-2.760975636169486E-18
133,-6.139766280574274E-18,3.1927599554970225E-18,2.936535703229032E-18,-1.2997485739075146E-17,1.7391338046521125E-17,-1.0309917620768729E-17,4.355102156880913E-18,-1.564401080995362E-17
134,-6.878671504469219E-18,5.113263981124271E-18,-1.1601783502359146E-17,1.6140163583583303E-18,-8.069170681628315E-18,-3.615691991312583E-18,1.4868803617537966E-18,-9.917840537007635E-18
135,8.715090340632978E-19,-5.8102581661732095E-18,2.5834454659871263E-18,-6.1130246626083615E-18,1.4708194527622797E-18,-1.7146916691202461E-18,2.149593914853868E-17,-2.022472726175728E-18
136,-4.154470115583647E-18,2.4535182144991777E-18,-3.0644319437157434E-18,1.2522822082666547E-18,4.819650560456469E-18,3.938254452984207E-18,-7.834071275879087E-18,-1.2449451390108053E-17
137,-1.1860067219735937E-17,-1.2145759067307679E-17,3.003832007855728E-18,-1.802807652467761E-17,1.88022629150401E-18,-1.392728338909122E-17,-5.710687651992189E-18,8.307846282635968E-18
138,-2.702543656871514E-18,4.469325136322986E-18,-1.1828560918997338E-17,-4.553652947242483E-18,1.0667400733034252E-17,7.283273631526922E-18,-1.5132682312809682E-17,-3.793059362396389E-18
139,-5.7456275596150546E-18,3.0952227754447297E-18,3.3961493697766774E-17,-1.2084091177108057E-17,-5.499252455710739E-19,5.076764172649148E-18,3.382275083440244E-19,5.85523439630135E-18
140,2.3041793551526172E-17,1.0197626505428388E-17,-9.06681922818711E-18,-5.6202946872079214E-18,1.0282916062467876E-17,-7.206259625565689E-18,-2.410348404169321E-17,-1.2437136305887427E-18
141,-7.34582535545308E-18,3.256342268380503E-18,-1.0251740536975342E-17,2.1857526087094092E-17,8.780728199388607E-18,-3.2330756449498943E-18,1.1822962934231602E-17,-7.191813119207257E-20
142,8.99817128885545E-18,2.9322706688640915E-18,8.029101762674419E-18,-3.3762473251419712E-18,-1.2072817313842899E-17,2.3488393664767856E-17,-1.2038269475263151E-17,-1.6143265894799957E-17
143,4.775923655331947E-18,8.713899097171116E-18,1.1744164624360359E-17,7.130258069373268E-18,3.287185087192652E-18,4.074033548505858E-18,-2.835689190439393E-18,5.1456305017617655E-18
144,1.5870941731470785E-17,3.4337844106607784E-18,6.272577657536848E-18,1.0555858399841755E-17,3.696822120848018E-18,5.8057738724267E-18,8.296399704149578E-18,-3.583146630859181E-18
145,-1.3821964557275018E-17,-2.4014093738337462E-18,3.817392195704336E-18,4.596743050315201E-18,4.7322194495073475E-18,-1.2476605654276473E-17,-4.961448193369796E-18,-1.6833488441889773E-19
146,-1.3090476118557276E-17,-6.166411021050351E-18,-2.1310979030933682E-17,-5.802195424723625E-18,-2.696182396800318E-18,-4.80261734917843E-18,-1.2816512468032192E-18,-8.921285734912756E-18
147,4.023117941586097E-18,1.3683445884334188E-17,5.732919997744355E-18,3.225318821953127E-18,-9.805324833703305E-18,-7.369652462401094E-18,-9.984384289609568E-18,2.8362739544873604E-18
